0 0.000000 0.000000 0.000000 0.000000
0 0.020000 -4.980000 -6.883379 46.184543
0 0.020000 -9.970000 -16.742719 102.206997
0 0.020000 -14.970000 -27.128725 159.925219
0 0.020000 -19.970000 -31.429579 220.601991
0 -3.920000 -0.080000 154.451063 0.448717
0 -3.970000 -5.070000 144.791565 46.646939
0 -3.980000 -10.060000 141.261400 102.282899
0 -3.980000 -15.060000 137.126761 160.475376
0 -3.980000 -20.060000 138.113828 222.833443
0 -7.930000 -0.090000 307.054874 -1.507312
0 -7.980000 -5.080000 301.438638 44.748972
0 -7.990000 -10.070000 303.364010 100.181012
0 -7.990000 -15.070000 304.948469 158.656983
0 -7.990000 -20.070000 311.916199 219.965167
0 -11.930000 -0.090000 461.177978 -1.156106
0 -11.970000 -5.080000 461.030956 44.521404
0 -11.980000 -10.070000 468.414001 99.270859
0 -11.980000 -15.070000 475.223161 158.534240
0 -11.980000 -20.070000 488.183079 220.558264
0 -15.930000 -0.090000 612.597378 -2.063011
0 -15.980000 -5.070000 617.339365 42.842204
0 -15.990000 -10.060000 630.396948 97.024579
0 -15.990000 -15.060000 643.455822 156.896985
0 -15.990000 -20.060000 661.380179 219.185643
