315.610551 -52.487573 429.260568 1176.231934 330.123657
318.610551 -52.487573 429.260568 1048.904053 325.228912
321.610551 -52.487573 429.260568 911.907471 321.583130
324.610551 -52.487573 429.260568 769.108582 320.659424
327.610551 -52.487573 429.260568 629.848267 318.160980
315.610551 -52.487573 432.260568 1142.576172 372.742615
318.610551 -52.487573 432.260568 1006.628357 371.229950
321.610551 -52.487573 432.260568 871.476196 367.921448
324.610551 -52.487573 432.260568 730.793091 367.337860
327.610551 -52.487573 432.260568 592.529053 365.762878
315.610551 -52.487573 435.260568 1098.387939 416.150848
318.610551 -52.487573 435.260568 965.514404 415.434631
321.610551 -52.487573 435.260568 831.757324 413.653076
324.610551 -52.487573 435.260568 697.555786 411.916382
327.610551 -52.487573 435.260568 558.979492 411.268005
315.610551 -52.487573 438.260568 1055.017090 458.441864
318.610551 -52.487573 438.260568 925.781982 457.234924
321.610551 -52.487573 438.260568 795.419067 456.044861
324.610551 -52.487573 438.260568 663.719238 454.981201
327.610551 -52.487573 438.260568 523.346375 454.844543
315.610551 -52.487573 441.260568 1012.051697 498.836884
318.610551 -52.487573 441.260568 888.192932 497.088379
321.610551 -52.487573 441.260568 760.244446 497.051666
324.610551 -52.487573 441.260568 629.263062 495.757172
327.610551 -52.487573 441.260568 492.277771 496.354126
