0 3.980000 5.010000 -163.489807 -50.487640
0 3.980000 2.540000 -159.244568 -30.091385
0 3.990000 0.030000 -162.911530 0.675873
0 3.990000 -2.440000 -163.224609 24.000641
0 4.000000 -4.970000 -164.673737 54.265869
0 2.030000 4.950000 -89.511353 -50.131180
0 2.000000 2.510000 -84.491516 -30.600861
0 1.990000 0.000000 -85.106567 0.176849
0 1.980000 -2.470000 -83.646545 24.429840
0 1.980000 -5.000000 -83.690674 54.312500
0 -0.010000 4.950000 -4.864502 -49.814560
0 -0.010000 2.510000 0.073364 -30.790100
0 0.000000 0.000000 0.000000 0.000000
0 -0.010000 -2.480000 2.899841 24.147095
0 0.000000 -5.000000 3.131714 55.268463
0 -1.940000 4.970000 67.551514 -52.921570
0 -1.990000 2.520000 75.863892 -32.537506
0 -2.000000 0.010000 78.795349 -1.875854
0 -2.010000 -2.470000 82.249084 22.502167
0 -2.010000 -4.990000 84.554565 54.570953
0 -4.010000 4.940000 152.253967 -52.331238
0 -4.010000 2.500000 159.251831 -32.749008
0 -4.000000 -0.020000 161.956726 -1.832672
0 -4.010000 -2.490000 167.025208 22.373901
0 -4.000000 -5.010000 170.526062 53.840759
