0 7.960000 10.030000 -308.815674 -95.413132
0 7.980000 5.050000 -310.851715 -49.065155
0 7.980000 0.060000 -320.184387 2.555344
0 7.980000 -4.950000 -329.233368 56.576645
0 7.980000 -9.940000 -338.108368 116.722153
0 4.060000 9.930000 -164.957367 -96.763809
0 4.010000 4.980000 -160.411194 -51.191864
0 4.000000 0.000000 -164.026550 1.700699
0 3.990000 -5.000000 -166.090607 55.386459
0 3.990000 -10.000000 -169.240967 115.177322
0 0.030000 9.940000 -8.876404 -96.784805
0 0.010000 4.990000 -1.739319 -53.450333
0 0.000000 0.000000 0.000000 0.000000
0 0.000000 -5.000000 3.042358 54.818649
0 0.000000 -10.000000 6.273010 113.148911
0 -3.970000 9.970000 136.944519 -100.718933
0 -3.990000 5.020000 149.265076 -57.902328
0 -4.010000 0.030000 156.662292 -4.422562
0 -4.010000 -4.970000 165.246338 51.473404
0 -4.010000 -9.960000 173.992615 109.623215
0 -7.970000 9.890000 289.190063 -100.466919
0 -7.990000 4.940000 306.482361 -57.700775
0 -8.000000 -0.040000 319.251526 -4.743988
0 -8.000000 -5.040000 333.747070 51.151413
0 -8.000000 -10.040000 347.835510 109.682632
